1015673376
1016294279
1022050512
1031314593
1032184124
1033558367
1034546264
1053352162
1069462023
1081741520
1087496359
1089060153
1089145596
1093642755
1096585507
1099538364
1100470107
1101734115
1103255456
1103801118
1104058816
1105476766
1107336694
1116994592
1118748457
1119441532
1123149170
1126601755
1128338167
1128646473
1133821731
1134547324
1134805933
1137397724
1139748159
1140748976
1141324762
1147919591
418176231
565427164
632367711
661278431
683452048
708209992
746366718
758563790
763091023
774324339
780831826
791228314
831458998
832087147
850714490
862349113
865998950
866200640
872141193
877036723
910078859
917117883
919314027
923418483
924362954
938885072
942623765
950492766
951860392
954172773
969876983
975650624
984176267
987206798
995545848
997965940