1000297929 1
1001839296 1
1003455699 1
1004204979 1
1006062527 1
1006375500 1
1009829740 1
1011323351 1
1012325362 1
1012651331 1
1012732460 1
1014149691 1
1014593907 1
1015532340 1
1015673376 1
1016059798 1
1016294279 1
1016811481 1
1017015654 1
1017862279 1
1018708501 1
1019194703 1
1019544928 1
1019884805 1
1019893265 1
1020098718 1
1020259186 1
1020767324 1
1021029890 1
1021313381 1
1022050512 1
1022542436 1
1023332728 1
1023580348 1
1023847815 1
1025892024 1
1026352113 1
1029982688 1
1030224469 1
1030624504 1
1031215207 1
1031314593 1
1031534923 1
1031668814 1
1031796505 1
1032184124 1
1033143702 1
1033558367 1
1034546264 1
1035539402 1
1035841354 1
1036563223 1
1037879018 1
1038077615 1
1038205684 1
1039118004 1
1040317228 1
1041081234 1
1041213767 1
1041997670 1
1043660502 1
1044598532 1
1044796400 1
1045417127 1
1047038674 1
1051433366 1
1052250571 1
1052889983 1
1053352162 1
1053448859 1
1054393874 1
1054407933 1
1055108008 1
1056667704 1
1058841142 1
1060075679 1
1062590235 1
1062966114 1
1063417342 1
1064036670 1
1065133723 1
1065448567 1
1066044761 1
1068996618 1
1069259950 1
1069462023 1
1070189160 1
1071519806 1
1072098930 1
1072410722 1
1073307667 1
1073402411 1
1073503403 1
1074310335 1
1074418743 1
1075362254 1
1076053612 1
1076056259 1
1076610251 1
1077243569 1
1077356047 1
1077824132 1
1078084191 1
1078591593 1
1078886583 1
1079879187 1
1080281513 1
1080686015 1
1081344263 1
1081444544 1
1081741520 1
1081967720 1
1082407282 1
1083179088 1
1083240396 1
1083742204 1
1084396489 1
1085143779 1
1085561226 1
1085596100 1
1086618855 1
1087496359 1
1087614516 1
1088105305 1
1088937022 1
1089060153 1
1089145596 1
1090322475 1
1091158822 1
1093116087 1
1093128622 1
1093330780 1
1093403358 1
1093420152 1
1093642755 1
1094636718 1
1094640242 1
1095417657 1
1095636556 1
1095658134 1
1095919629 1
1096066778 1
1096585507 1
1096979684 1
1097336209 1
1097471365 1
1097750398 1
1098053269 1
1098085869 1
1098632166 1
1098896933 1
1099286109 1
1099538364 1
1099807081 1
1100470107 1
1100551688 1
1100990556 1
1101119421 1
1101430696 1
1101640785 1
1101734115 1
1102094232 1
1103255456 1
1103395017 1
1103801118 1
1104058816 1
1105476766 1
1105572876 1
1105913629 1
1106914494 1
1107336694 1
1107848532 1
1109770098 1
1110751345 1
1110826646 1
1111069154 1
1111682850 1
1111683654 1
1112186213 1
1112387911 1
1112962434 1
1113274534 1
1113390124 1
1114002705 1
1114225835 1
1114396925 1
1115567820 1
1116406098 1
1116431304 1
1116655069 1
1116994592 1
1117361988 1
1117988095 1
1118300785 1
1118631050 1
1118675637 1
1118748457 1
1119047884 1
1119110641 1
1119183484 1
1119301529 1
1119441532 1
1119530558 1
1119543285 1
1119984179 1
1120156641 1
1120716881 1
1121595164 1
1121713814 1
1122659994 1
1122951484 1
1123149170 1
1123481460 1
1123734483 1
1124422888 1
1124534300 1
1125193369 1
1126030510 1
1126601755 1
1127106087 1
1127431293 1
1128338167 1
1128387064 1
1128646473 1
1129286974 1
1129312108 1
1129378283 1
1129893559 1
1130000999 1
1130408650 1
1130659677 1
1130732121 1
1130919539 1
1130976203 1
1131234006 1
1131432506 1
1131812575 1
1133096364 1
1133234207 1
1133763629 1
1133801161 1
1133821731 1
1133841545 1
1133987394 1
1134346630 1
1134547324 1
1134805933 1
1135670243 1
1136510459 1
1137397724 1
1137875154 1
1137927008 1
1138088682 1
1138761664 1
1138986258 1
1139299677 1
1139355239 1
1139748159 1
1140527180 1
1140716484 1
1140748976 1
1140953794 1
1141324762 1
1143239357 1
1143812879 1
1143984683 1
1144975293 1
1145063314 1
1145151562 1
1145757748 1
1145780207 1
1146380668 1
1146813159 1
1147193832 1
1147919591 1
1148383649 1
1148943218 1
1149289452 1
1150322899 1
1151545034 1
1152297366 1
1152573545 1
1153369094 1
1154393667 1
1156424956 1
1156628733 1
1158202313 1
1158203596 1
1158413611 1
1159011213 1
1159477450 1
1161865374 1
1161876398 1
1161981975 1
1162725007 1
1162782554 1
1163083309 1
1163214936 1
1163299232 1
1164216439 1
1165015622 1
1165750020 1
1165763301 1
1166247982 1
1167642258 1
1168077224 1
1168905264 1
1168913654 1
1169318509 1
1169630194 1
1170103315 1
1170252754 1
1170437867 1
1170852599 1
1170988544 1
1171289893 1
1171922882 1
1172633362 1
1172694501 1
1174040280 1
1174151198 1
1174314981 1
1175007832 1
1175046254 1
1176644107 1
1176855832 1
1177872931 1
1178042196 1
1178182964 1
1178584395 1
1180207655 1
1180217892 1
1180418084 1
1180479646 1
1180600466 1
1181443669 1
1181671740 1
1181905016 1
1181957338 1
1183061052 1
1183717780 1
1184997570 1
1185363100 1
1186244919 1
1186425778 1
1186602490 1
1186677835 1
1186819050 1
1187032142 1
1188577419 1
1188611010 1
1188728508 1
1188732285 1
1190143869 1
1190972967 1
1191321201 1
1191808533 1
1191975365 1
1192319596 1
1192326949 1
1193370502 1
1193388763 1
1194881702 1
1198524835 1
1198740101 1
1198844890 1
1199823526 1
1200325357 1
1200411882 1
1200641355 1
1200720853 1
1201634326 1
1203343891 1
1203561501 1
1206300426 1
1206698607 1
1206705055 1
1207448638 1
1209899876 1
1210966462 1
1211282278 1
1213206924 1
1214186927 1
1214362229 1
1214603614 1
1214799680 1
1219006476 1
1219575135 1
1219607387 1
1219959981 1
1220058969 1
1220067306 1
1220321146 1
1220480570 1
1221285613 1
1221876478 1
1221984154 1
1222579894 1
1223027136 1
1223175603 1
1223312167 1
1224249459 1
1224798634 1
1224939835 1
1226371530 1
1227931149 1
1228031305 1
1228588299 1
1229545317 1
1230020548 1
1230716620 1
1232285387 1
1232671606 1
1232776157 1
1234816485 1
1236647745 1
1237018216 1
1237104577 1
1237788905 1
1237818712 1
1238815994 1
1240494979 1
1240655981 1
1241822396 1
1242047753 1
1243024482 1
1243085522 1
1243928960 1
1244073617 1
1244706386 1
1246800914 1
1248958868 1
1249438245 1
1249546319 1
1249741334 1
1251836355 1
1252391947 1
1253187667 1
1253661305 1
1254003171 1
1254381687 1
1254800118 1
1255157147 1
1255602476 1
1255624348 1
1256500202 1
1256522062 1
1256736702 1
1257264053 1
1258531236 1
1258918039 1
1259219848 1
1259281677 1
1259409849 1
1260547566 1
1260681572 1
1261005577 1
1261045263 1
1261664022 1
1262520677 1
1262728022 1
1263426106 1
1263602291 1
1263847326 1
1263862564 1
1264115641 1
1265280179 1
1266812093 1
1267096206 1
1267834961 1
1269020760 1
1269050454 1
1269428946 1
1269647781 1
1270149008 1
1270496409 1
1271369422 1
1271762761 1
1272104818 1
1275770715 1
1276188585 1
1276364785 1
1276630991 1
1277619977 1
1278067343 1
1278140124 1
1278362583 1
1278387190 1
1278390975 1
1278811718 1
1280674062 1
1282112329 1
1282804704 1
1283396818 1
1283580252 1
1284024395 1
1284812336 1
1285391106 1
1285787081 1
1287468914 1
1287671797 1
1287698989 1
1289395584 1
1289590319 1
1290561848 1
1290595308 1
1290754382 1
1290778093 1
1292505998 1
1293158445 1
1293622658 1
1294155787 1
1294201444 1
1295050622 1
1296108990 1
1297774158 1
1298543700 1
1298602274 1
1298782663 1
1300242265 1
1301854191 1
1302914938 1
1303252407 1
1304450640 1
1304646385 1
1305082257 1
1305760599 1
1306339828 1
1308385002 1
1308699090 1
1309630461 1
1309903215 1
1311553575 1
1312242580 1
1314700894 1
1315494432 1
1315738807 1
1316483097 1
1316784321 1
1317290479 1
1318247762 1
1318503721 1
1319398544 1
1320345956 1
1325373472 1
1327357597 1
1328043660 1
1330185179 1
1330543658 1
1331633172 1
1333684045 1
1334652789 1
1334882997 1
1335606649 1
1337695915 1
1338111987 1
1338620127 1
1340018822 1
1340096891 1
1340946781 1
1343545957 1
1343960761 1
1344817477 1
1346331546 1
1347108967 1
1348034308 1
1348526284 1
1348894422 1
1349695629 1
1349793403 1
1350358134 1
1351729599 1
1353052079 1
1353122355 1
1353248776 1
1353350683 1
1354059741 1
1354844521 1
1355487263 1
1355754099 1
1357376218 1
1358905046 1
1359383952 1
1360370836 1
1361089119 1
1361536759 1
1362104770 1
1362330844 1
1364066560 1
1366251103 1
1367310401 1
1369454334 1
1370201939 1
1370473344 1
1372328325 1
1372595763 1
1376302395 1
1376554289 1
1377538071 1
1377969049 1
1378049606 1
1378771351 1
1379287065 1
1379332171 1
1379708269 1
1379933083 1
1380181974 1
1380778501 1
1380922834 1
1381125043 1
1383362184 1
1384501295 1
1385319556 1
1385761183 1
1389511651 1
1389692422 1
1391213269 1
1391290924 1
1392930834 1
1393781059 1
1394158343 1
1394448133 1
1394471716 1
1394826410 1
1395345387 1
139579108 1
1396368439 1
1397227888 1
1397232647 1
1397758240 1
1397783316 1
1398277219 1
1398690662 1
1399048087 1
1399886760 1
1415705441 1
1420256890 1
194734747 1
215473436 1
32836530 1
334813861 1
361751693 1
371200808 1
401234709 1
402908483 1
405146094 1
407252041 1
416255554 1
418176231 1
437209586 1
451728319 1
453056480 1
460172892 1
488582811 1
489604007 1
505188337 1
507934081 1
514145672 1
526057258 1
529618896 1
539388189 1
545277505 1
545856893 1
552602980 1
563725138 1
565427164 1
568907241 1
591430226 1
600035637 1
600931255 1
602843423 1
607675010 1
608214389 1
613552706 1
616859898 1
624295870 1
624852295 1
632367711 1
633565836 1
633620112 1
640306449 1
641512883 1
651980741 1
652045053 1
652706096 1
661278431 1
661383116 1
678588677 1
680144887 1
680908823 1
681226590 1
683407708 1
683452048 1
690107177 1
692055951 1
700934341 1
700953304 1
708209992 1
710908980 1
716929655 1
720249181 1
725830116 1
731578095 1
731943146 1
732021586 1
736350366 1
738972008 1
741119885 1
741178826 1
744452702 1
746366718 1
750967047 1
752828149 1
753616047 1
758563790 1
763091023 1
764407833 1
771746009 1
774324339 1
778346406 1
780457187 1
780831826 1
784515953 1
786459824 1
788071167 1
788783589 1
791228314 1
791484823 1
792256449 1
794243321 1
801307022 1
801729886 1
801746366 1
802765550 1
803602154 1
804871331 1
805199271 1
813075182 1
814334313 1
816000318 1
816602730 1
816872177 1
823183070 1
823859750 1
825602497 1
826108629 1
829857777 1
830470604 1
831458998 1
832087147 1
833570867 1
836620767 1
837497735 1
837517985 1
837570993 1
837634623 1
839661119 1
841316086 1
841553552 1
842139455 1
845836902 1
848206337 1
849281719 1
849606897 1
850714490 1
850830300 1
852402023 1
856077211 1
860746304 1
860904538 1
861952662 1
862349113 1
863603178 1
865194403 1
865282137 1
865654183 1
865998950 1
866200640 1
867316154 1
868470764 1
869887210 1
871713625 1
872141193 1
872823782 1
875706559 1
877036723 1
879041593 1
879647159 1
879748758 1
881486514 1
881514693 1
881931057 1
883801799 1
885154648 1
886867778 1
887607678 1
890036820 1
891401951 1
897567124 1
898078128 1
898342329 1
899382816 1
901699865 1
902356980 1
903787538 1
904803877 1
904996482 1
906187926 1
906470524 1
908487912 1
909510408 1
909771725 1
910078859 1
911589753 1
912349297 1
914945082 1
914958362 1
915584099 1
916958757 1
917040676 1
917117883 1
917461133 1
918176880 1
919314027 1
919725796 1
920429629 1
921575518 1
922162117 1
922655783 1
923418483 1
923989874 1
924040250 1
924362954 1
926500727 1
927354739 1
927599385 1
929430398 1
929432801 1
932316530 1
932412904 1
933364147 1
933775749 1
935391736 1
938885072 1
939627449 1
940398122 1
940416802 1
941057141 1
942201211 1
942623765 1
944719559 1
946659086 1
948642785 1
948646215 1
948734771 1
950127171 1
950492766 1
951182297 1
951781081 1
951860392 1
952167678 1
952595721 1
954172773 1
955278937 1
955550637 1
955614006 1
958231340 1
960156933 1
962308589 1
963530577 1
964033500 1
965283298 1
966346338 1
966402215 1
966806175 1
967847049 1
968397179 1
968718107 1
969876983 1
970964542 1
970993076 1
973525627 1
975650624 1
976006136 1
977689644 1
978935804 1
979119824 1
979688471 1
980051924 1
980365316 1
980821215 1
983152743 1
983994915 1
984176267 1
984275313 1
984322560 1
984701958 1
986022376 1
987206798 1
988652837 1
988740812 1
989976105 1
990926608 1
991613055 1
991896314 1
992222550 1
993035224 1
994241706 1
995140199 1
995201918 1
995342667 1
995477443 1
995545848 1
995885677 1
996414822 1
997141740 1
997965940 1
1408814207 1
1422485691 1
1468405002 1
1259274852 1