1010267245 1
1011913153 1
1121713814 1
1211431076 1
1213630258 1
1269132848 1
1299560637 1
1303197583 1
1307196129 1
1335777837 1
1353951353 1
1359709008 1
1394184310 1
1400047557 1
1418457542 1
1440532396 1
1442200875 1
1468687986 1
148165475 1
1484154095 1
1495512354 1
575188652 1
810874611 1
813488143 1
875188860 1
910773365 1
949512230 1
982311911 1
1011323351 1
1347694401 1
1260381160 1
1024183819 1
888950249 1
1079451370 1
1162275289 1
1018629879 1
582304558 1
1380194862 1
1316262176 1
895410174 1
1041788582 1
304636076 1
791484823 1
1230997133 1
1596005610 1
1470111483 1
362585959 1
409067331 1
256584702 1
56652599 1
857107263 1
1231701169 1
1435610469 1
1068068405 1
527893755 1
491888384 1
449157557 1