1014593907
1016811481
1019884805
1023847815
1031215207
1041081234
1054393874
1065133723
1076610251
1078591593
1083742204
1085143779
1093330780
1095417657
1098632166
1116431304
1117361988
1123481460
1131234006
1145063314
1171289893
1193388763
1200720853
1221876478
1254381687
194734747
505188337
514145672
539388189
608214389
624295870
633565836
661383116
692055951
700953304
731943146
736350366
771746009
788071167
826108629
837634623
845836902
868470764
890036820
904803877
906470524
973525627
977689644
983152743
983994915